==============================================================================
Step 30 — Tangent-Space Alpha > 1 Instability Experiment
==============================================================================

Parameters:
  DIM=64, baseLr=0.08, memLr=0.015, k=20, memW=0.15
  velDecay=0.95, velGain=0.05, velScale=12.5
  Seed ticks: 100, Autoregression ticks: 10000
  Alpha values: 1.05, 1.1, 1.2, 1.5

Tangent-space decomposition:
  uParallel = dot(u, sPrev) * sPrev
  uPerp = u - uParallel
  uMixed = uParallel + alpha * uPerp
  s = normalize(uMixed)

------------------------------------------------------------------------------
TEST 1: Autoregression — alpha=1.05
------------------------------------------------------------------------------

  Seeding: 100 ticks with 4-cluster distribution (std=0.3)...
  Seed done: avg surprise=0.133161, memories=4

  Autoregressing: 10000 ticks (reality = state)...
    Tick    Surprise      Avg100  MemCnt          |ds|
     500  0.00000000  0.00000000       4  0.0000000000
    1000  0.00000000  0.00000000       4  0.0000000000
    1500  0.00000000  0.00000000       4  0.0000000000
    2000  0.00000000  0.00000000       4  0.0000000000
    2500  0.00000000  0.00000000       4  0.0000000000
    3000  0.00000000  0.00000000       4  0.0000000000
    3500  0.00000000  0.00000000       4  0.0000000000
    4000  0.00000000  0.00000000       4  0.0000000000
    4500  0.00000000  0.00000000       4  0.0000000000
    5000  0.00000000  0.00000000       1  0.0000000000
    5500  0.00000000  0.00000000       1  0.0000000000
    6000  0.00000000  0.00000000       1  0.0000000000
    6500  0.00000000  0.00000000       1  0.0000000000
    7000  0.00000000  0.00000000       1  0.0000000000
    7500  0.00000000  0.00000000       1  0.0000000000
    8000  0.00000000  0.00000000       1  0.0000000000
    8500  0.00000000  0.00000000       1  0.0000000000
    9000  0.00000000  0.00000000       1  0.0000000000
    9500  0.00000000  0.00000000       1  0.0000000000
   10000  0.00000000  0.00000000       1  0.0000000000

  Classification: STABLE — fixed point intact (surprise < 0.001)
  Final surprise: 0.0000000000
  Final avg100:   0.0000000000
  Final memories: 1

  State trajectory (first 8 dims):
    Tick       dim0       dim1       dim2       dim3       dim4       dim5       dim6       dim7
     100   -0.04792    0.11162   -0.15254   -0.01845   -0.10984   -0.05187    0.13350    0.15053
     200   -0.04792    0.11162   -0.15254   -0.01845   -0.10984   -0.05187    0.13350    0.15053
     300   -0.04792    0.11162   -0.15254   -0.01845   -0.10984   -0.05187    0.13350    0.15053
     400   -0.04792    0.11162   -0.15254   -0.01845   -0.10984   -0.05187    0.13350    0.15053
     500   -0.04792    0.11162   -0.15254   -0.01845   -0.10984   -0.05187    0.13350    0.15053
     600   -0.04792    0.11162   -0.15254   -0.01845   -0.10984   -0.05187    0.13350    0.15053
     700   -0.04792    0.11162   -0.15254   -0.01845   -0.10984   -0.05187    0.13350    0.15053
     800   -0.04792    0.11162   -0.15254   -0.01845   -0.10984   -0.05187    0.13350    0.15053
     900   -0.04792    0.11162   -0.15254   -0.01845   -0.10984   -0.05187    0.13350    0.15053
    1000   -0.04792    0.11162   -0.15254   -0.01845   -0.10984   -0.05187    0.13350    0.15053
    1100   -0.04792    0.11162   -0.15254   -0.01845   -0.10984   -0.05187    0.13350    0.15053
    1200   -0.04792    0.11162   -0.15254   -0.01845   -0.10984   -0.05187    0.13350    0.15053
    1300   -0.04792    0.11162   -0.15254   -0.01845   -0.10984   -0.05187    0.13350    0.15053
    1400   -0.04792    0.11162   -0.15254   -0.01845   -0.10984   -0.05187    0.13350    0.15053
    1500   -0.04792    0.11162   -0.15254   -0.01845   -0.10984   -0.05187    0.13350    0.15053
    1600   -0.04792    0.11162   -0.15254   -0.01845   -0.10984   -0.05187    0.13350    0.15053
    1700   -0.04792    0.11162   -0.15254   -0.01845   -0.10984   -0.05187    0.13350    0.15053
    1800   -0.04792    0.11162   -0.15254   -0.01845   -0.10984   -0.05187    0.13350    0.15053
    1900   -0.04792    0.11162   -0.15254   -0.01845   -0.10984   -0.05187    0.13350    0.15053
    2000   -0.04792    0.11162   -0.15254   -0.01845   -0.10984   -0.05187    0.13350    0.15053

------------------------------------------------------------------------------
TEST 1: Autoregression — alpha=1.1
------------------------------------------------------------------------------

  Seeding: 100 ticks with 4-cluster distribution (std=0.3)...
  Seed done: avg surprise=0.133246, memories=4

  Autoregressing: 10000 ticks (reality = state)...
    Tick    Surprise      Avg100  MemCnt          |ds|
     500  0.00000000  0.00000000       4  0.0000000000
    1000  0.00000000  0.00000000       4  0.0000000000
    1500  0.00000000  0.00000000       4  0.0000000000
    2000  0.00000000  0.00000000       4  0.0000000000
    2500  0.00000000  0.00000000       4  0.0000000000
    3000  0.00000000  0.00000000       4  0.0000000000
    3500  0.00000000  0.00000000       4  0.0000000000
    4000  0.00000000  0.00000000       4  0.0000000000
    4500  0.00000000  0.00000000       4  0.0000000000
    5000  0.00000000  0.00000000       1  0.0000000000
    5500  0.00000000  0.00000000       1  0.0000000000
    6000  0.00000000  0.00000000       1  0.0000000000
    6500  0.00000000  0.00000000       1  0.0000000000
    7000  0.00000000  0.00000000       1  0.0000000000
    7500  0.00000000  0.00000000       1  0.0000000000
    8000  0.00000000  0.00000000       1  0.0000000000
    8500  0.00000000  0.00000000       1  0.0000000000
    9000  0.00000000  0.00000000       1  0.0000000000
    9500  0.00000000  0.00000000       1  0.0000000000
   10000  0.00000000  0.00000000       1  0.0000000000

  Classification: STABLE — fixed point intact (surprise < 0.001)
  Final surprise: 0.0000000000
  Final avg100:   0.0000000000
  Final memories: 1

  State trajectory (first 8 dims):
    Tick       dim0       dim1       dim2       dim3       dim4       dim5       dim6       dim7
     100   -0.04787    0.11135   -0.15349   -0.01876   -0.10984   -0.05209    0.13309    0.14977
     200   -0.04787    0.11135   -0.15349   -0.01876   -0.10984   -0.05209    0.13309    0.14977
     300   -0.04787    0.11135   -0.15349   -0.01876   -0.10984   -0.05209    0.13309    0.14977
     400   -0.04787    0.11135   -0.15349   -0.01876   -0.10984   -0.05209    0.13309    0.14977
     500   -0.04787    0.11135   -0.15349   -0.01876   -0.10984   -0.05209    0.13309    0.14977
     600   -0.04787    0.11135   -0.15349   -0.01876   -0.10984   -0.05209    0.13309    0.14977
     700   -0.04787    0.11135   -0.15349   -0.01876   -0.10984   -0.05209    0.13309    0.14977
     800   -0.04787    0.11135   -0.15349   -0.01876   -0.10984   -0.05209    0.13309    0.14977
     900   -0.04787    0.11135   -0.15349   -0.01876   -0.10984   -0.05209    0.13309    0.14977
    1000   -0.04787    0.11135   -0.15349   -0.01876   -0.10984   -0.05209    0.13309    0.14977
    1100   -0.04787    0.11135   -0.15349   -0.01876   -0.10984   -0.05209    0.13309    0.14977
    1200   -0.04787    0.11135   -0.15349   -0.01876   -0.10984   -0.05209    0.13309    0.14977
    1300   -0.04787    0.11135   -0.15349   -0.01876   -0.10984   -0.05209    0.13309    0.14977
    1400   -0.04787    0.11135   -0.15349   -0.01876   -0.10984   -0.05209    0.13309    0.14977
    1500   -0.04787    0.11135   -0.15349   -0.01876   -0.10984   -0.05209    0.13309    0.14977
    1600   -0.04787    0.11135   -0.15349   -0.01876   -0.10984   -0.05209    0.13309    0.14977
    1700   -0.04787    0.11135   -0.15349   -0.01876   -0.10984   -0.05209    0.13309    0.14977
    1800   -0.04787    0.11135   -0.15349   -0.01876   -0.10984   -0.05209    0.13309    0.14977
    1900   -0.04787    0.11135   -0.15349   -0.01876   -0.10984   -0.05209    0.13309    0.14977
    2000   -0.04787    0.11135   -0.15349   -0.01876   -0.10984   -0.05209    0.13309    0.14977

------------------------------------------------------------------------------
TEST 1: Autoregression — alpha=1.2
------------------------------------------------------------------------------

  Seeding: 100 ticks with 4-cluster distribution (std=0.3)...
  Seed done: avg surprise=0.133428, memories=4

  Autoregressing: 10000 ticks (reality = state)...
    Tick    Surprise      Avg100  MemCnt          |ds|
     500  0.00000000  0.00000000       4  0.0000000000
    1000  0.00000000  0.00000000       4  0.0000000000
    1500  0.00000000  0.00000000       4  0.0000000000
    2000  0.00000000  0.00000000       4  0.0000000000
    2500  0.00000000  0.00000000       4  0.0000000000
    3000  0.00000000  0.00000000       4  0.0000000000
    3500  0.00000000  0.00000000       4  0.0000000000
    4000  0.00000000  0.00000000       4  0.0000000000
    4500  0.00000000  0.00000000       4  0.0000000000
    5000  0.00000000  0.00000000       1  0.0000000000
    5500  0.00000000  0.00000000       1  0.0000000000
    6000  0.00000000  0.00000000       1  0.0000000000
    6500  0.00000000  0.00000000       1  0.0000000000
    7000  0.00000000  0.00000000       1  0.0000000000
    7500  0.00000000  0.00000000       1  0.0000000000
    8000  0.00000000  0.00000000       1  0.0000000000
    8500  0.00000000  0.00000000       1  0.0000000000
    9000  0.00000000  0.00000000       1  0.0000000000
    9500  0.00000000  0.00000000       1  0.0000000000
   10000  0.00000000  0.00000000       1  0.0000000000

  Classification: STABLE — fixed point intact (surprise < 0.001)
  Final surprise: 0.0000000000
  Final avg100:   0.0000000000
  Final memories: 1

  State trajectory (first 8 dims):
    Tick       dim0       dim1       dim2       dim3       dim4       dim5       dim6       dim7
     100   -0.04784    0.11080   -0.15509   -0.01923   -0.10983   -0.05247    0.13235    0.14845
     200   -0.04784    0.11080   -0.15509   -0.01923   -0.10983   -0.05247    0.13235    0.14845
     300   -0.04784    0.11080   -0.15509   -0.01923   -0.10983   -0.05247    0.13235    0.14845
     400   -0.04784    0.11080   -0.15509   -0.01923   -0.10983   -0.05247    0.13235    0.14845
     500   -0.04784    0.11080   -0.15509   -0.01923   -0.10983   -0.05247    0.13235    0.14845
     600   -0.04784    0.11080   -0.15509   -0.01923   -0.10983   -0.05247    0.13235    0.14845
     700   -0.04784    0.11080   -0.15509   -0.01923   -0.10983   -0.05247    0.13235    0.14845
     800   -0.04784    0.11080   -0.15509   -0.01923   -0.10983   -0.05247    0.13235    0.14845
     900   -0.04784    0.11080   -0.15509   -0.01923   -0.10983   -0.05247    0.13235    0.14845
    1000   -0.04784    0.11080   -0.15509   -0.01923   -0.10983   -0.05247    0.13235    0.14845
    1100   -0.04784    0.11080   -0.15509   -0.01923   -0.10983   -0.05247    0.13235    0.14845
    1200   -0.04784    0.11080   -0.15509   -0.01923   -0.10983   -0.05247    0.13235    0.14845
    1300   -0.04784    0.11080   -0.15509   -0.01923   -0.10983   -0.05247    0.13235    0.14845
    1400   -0.04784    0.11080   -0.15509   -0.01923   -0.10983   -0.05247    0.13235    0.14845
    1500   -0.04784    0.11080   -0.15509   -0.01923   -0.10983   -0.05247    0.13235    0.14845
    1600   -0.04784    0.11080   -0.15509   -0.01923   -0.10983   -0.05247    0.13235    0.14845
    1700   -0.04784    0.11080   -0.15509   -0.01923   -0.10983   -0.05247    0.13235    0.14845
    1800   -0.04784    0.11080   -0.15509   -0.01923   -0.10983   -0.05247    0.13235    0.14845
    1900   -0.04784    0.11080   -0.15509   -0.01923   -0.10983   -0.05247    0.13235    0.14845
    2000   -0.04784    0.11080   -0.15509   -0.01923   -0.10983   -0.05247    0.13235    0.14845

------------------------------------------------------------------------------
TEST 1: Autoregression — alpha=1.5
------------------------------------------------------------------------------

  Seeding: 100 ticks with 4-cluster distribution (std=0.3)...
  Seed done: avg surprise=0.133944, memories=4

  Autoregressing: 10000 ticks (reality = state)...
    Tick    Surprise      Avg100  MemCnt          |ds|
     500  0.00000000  0.00000000       4  0.0000000000
    1000  0.00000000  0.00000000       4  0.0000000000
    1500  0.00000000  0.00000000       4  0.0000000000
    2000  0.00000000  0.00000000       4  0.0000000000
    2500  0.00000000  0.00000000       4  0.0000000000
    3000  0.00000000  0.00000000       4  0.0000000000
    3500  0.00000000  0.00000000       4  0.0000000000
    4000  0.00000000  0.00000000       4  0.0000000000
    4500  0.00000000  0.00000000       4  0.0000000000
    5000  0.00000000  0.00000000       1  0.0000000000
    5500  0.00000000  0.00000000       1  0.0000000000
    6000  0.00000000  0.00000000       1  0.0000000000
    6500  0.00000000  0.00000000       1  0.0000000000
    7000  0.00000000  0.00000000       1  0.0000000000
    7500  0.00000000  0.00000000       1  0.0000000000
    8000  0.00000000  0.00000000       1  0.0000000000
    8500  0.00000000  0.00000000       1  0.0000000000
    9000  0.00000000  0.00000000       1  0.0000000000
    9500  0.00000000  0.00000000       1  0.0000000000
   10000  0.00000000  0.00000000       1  0.0000000000

  Classification: STABLE — fixed point intact (surprise < 0.001)
  Final surprise: 0.0000000000
  Final avg100:   0.0000000000
  Final memories: 1

  State trajectory (first 8 dims):
    Tick       dim0       dim1       dim2       dim3       dim4       dim5       dim6       dim7
     100   -0.04809    0.10935   -0.15829   -0.01983   -0.10980   -0.05319    0.13068    0.14560
     200   -0.04809    0.10935   -0.15829   -0.01983   -0.10980   -0.05319    0.13068    0.14560
     300   -0.04809    0.10935   -0.15829   -0.01983   -0.10980   -0.05319    0.13068    0.14560
     400   -0.04809    0.10935   -0.15829   -0.01983   -0.10980   -0.05319    0.13068    0.14560
     500   -0.04809    0.10935   -0.15829   -0.01983   -0.10980   -0.05319    0.13068    0.14560
     600   -0.04809    0.10935   -0.15829   -0.01983   -0.10980   -0.05319    0.13068    0.14560
     700   -0.04809    0.10935   -0.15829   -0.01983   -0.10980   -0.05319    0.13068    0.14560
     800   -0.04809    0.10935   -0.15829   -0.01983   -0.10980   -0.05319    0.13068    0.14560
     900   -0.04809    0.10935   -0.15829   -0.01983   -0.10980   -0.05319    0.13068    0.14560
    1000   -0.04809    0.10935   -0.15829   -0.01983   -0.10980   -0.05319    0.13068    0.14560
    1100   -0.04809    0.10935   -0.15829   -0.01983   -0.10980   -0.05319    0.13068    0.14560
    1200   -0.04809    0.10935   -0.15829   -0.01983   -0.10980   -0.05319    0.13068    0.14560
    1300   -0.04809    0.10935   -0.15829   -0.01983   -0.10980   -0.05319    0.13068    0.14560
    1400   -0.04809    0.10935   -0.15829   -0.01983   -0.10980   -0.05319    0.13068    0.14560
    1500   -0.04809    0.10935   -0.15829   -0.01983   -0.10980   -0.05319    0.13068    0.14560
    1600   -0.04809    0.10935   -0.15829   -0.01983   -0.10980   -0.05319    0.13068    0.14560
    1700   -0.04809    0.10935   -0.15829   -0.01983   -0.10980   -0.05319    0.13068    0.14560
    1800   -0.04809    0.10935   -0.15829   -0.01983   -0.10980   -0.05319    0.13068    0.14560
    1900   -0.04809    0.10935   -0.15829   -0.01983   -0.10980   -0.05319    0.13068    0.14560
    2000   -0.04809    0.10935   -0.15829   -0.01983   -0.10980   -0.05319    0.13068    0.14560

==============================================================================
TEST 2: Regression Check (T1-T4) — alpha=1.05
==============================================================================

  T1: Attractor Genesis (A->B->C->D->A, DIM=64)
    Final: 4 memories -> PASS (expected 2-8)

  T2: Reacquisition (A->B->A, DIM=64)
    A1=0.012916 A2=0.011753 -> PASS

  T3: Multi-dist (A->B->C->D->A, DIM=64)
    A1=0.011684 A2=0.011669 -> PASS
    Final memories: 4

  T4: Attractor Genesis (standalone, DIM=64)
    Final: 4 memories, avg100 surprise=0.000793 -> PASS

  Degradation check (vs canonical baselines):
  Canonical baselines: T1 genesis 2-8 mem, T2 reacq A2<A1, T3 multi A2<A1
  Regression: ALL PASS — no degradation

==============================================================================
SUMMARY
==============================================================================

Per-alpha autoregression results:
  Alpha     Classification                                           FinalSurp       Mems 
  --------------------------------------------------------------------------------------
  1.05      STABLE — fixed point intact (surprise < 0.001)             0.0000000000      1
  1.1       STABLE — fixed point intact (surprise < 0.001)             0.0000000000      1
  1.2       STABLE — fixed point intact (surprise < 0.001)             0.0000000000      1
  1.5       STABLE — fixed point intact (surprise < 0.001)             0.0000000000      1

T1-T4 regression (alpha=1.05):
  T1_genesis      PASS (4 memories)
  T2_reacq        PASS (A1=0.012916, A2=0.011753)
  T3_multi        PASS (A1=0.011684, A2=0.011669)
  T4_genesis2     PASS (4 memories)

Key findings:
  Fixed point BROKEN:   none
  EXPLODED (NaN/Inf):   none
  COLLAPSED (stable):   1.05, 1.1, 1.2, 1.5
  Broken (not exploded): none
  Regression (alpha=1.05): PASS

==============================================================================
